指令:0,0,0,0,0,0,0,0,耗能:255.44
指令:1,0,0,0,0,0,0,0,耗能:255.31
指令:2,0,0,0,0,0,0,0,耗能:254.78
指令:3,0,0,0,0,0,0,0,耗能:253.96
指令:4,0,0,0,0,0,0,0,耗能:253.11
指令:5,0,0,0,0,0,0,0,耗能:252.31
指令:6,0,0,0,0,0,0,0,耗能:251.15
指令:7,0,0,0,0,0,0,0,耗能:250.18
指令:8,0,0,0,0,0,0,0,耗能:249.31
指令:9,0,0,0,0,0,0,0,耗能:248.19
指令:10,0,0,0,0,0,0,0,耗能:247.17
指令:11,0,0,0,0,0,0,0,耗能:246.2
指令:12,0,0,0,0,0,0,0,耗能:245.05
指令:13,0,0,0,0,0,0,0,耗能:243.85
指令:14,0,0,0,0,0,0,0,耗能:242.71
指令:15,0,0,0,0,0,0,0,耗能:241.56
指令:15,1,0,0,0,0,0,0,耗能:241.43
指令:15,2,0,0,0,0,0,0,耗能:240.9
指令:15,3,0,0,0,0,0,0,耗能:240.08
指令:14,5,0,0,0,0,0,0,耗能:239.58
指令:13,6,0,0,0,0,0,0,耗能:239.56
指令:13,7,0,0,0,0,0,0,耗能:238.59
指令:13,8,0,0,0,0,0,0,耗能:237.72
指令:11,11,0,0,0,0,0,0,耗能:236.96
指令:10,12,0,0,0,0,0,0,耗能:236.78
指令:9,13,0,0,0,0,0,0,耗能:236.6
指令:10,13,0,0,0,0,0,0,耗能:235.58
指令:9,14,0,0,0,0,0,0,耗能:235.46
指令:8,15,0,0,0,0,0,0,耗能:235.43
指令:9,14,1,0,0,0,0,0,耗能:235.33
指令:8,15,1,0,0,0,0,0,耗能:235.3
指令:9,14,2,0,0,0,0,0,耗能:234.8
指令:8,15,2,0,0,0,0,0,耗能:234.77
指令:9,14,3,0,0,0,0,0,耗能:233.98
指令:8,15,3,0,0,0,0,0,耗能:233.95
指令:8,15,4,0,0,0,0,0,耗能:233.1
指令:8,14,6,0,0,0,0,0,耗能:232.29
指令:7,15,6,0,0,0,0,0,耗能:232.01
指令:6,15,7,0,0,0,0,0,耗能:232.01
指令:7,15,7,0,0,0,0,0,耗能:231.04
指令:7,14,9,0,0,0,0,0,耗能:230.2
指令:6,15,9,0,0,0,0,0,耗能:230.02
指令:6,15,10,0,0,0,0,0,耗能:229
指令:4,15,12,0,0,0,0,0,耗能:228.84
指令:5,15,12,0,0,0,0,0,耗能:228.04
指令:6,13,13,0,0,0,0,0,耗能:227.97
指令:4,15,13,0,0,0,0,0,耗能:227.64
指令:5,14,14,0,0,0,0,0,耗能:226.85
指令:4,15,14,0,0,0,0,0,耗能:226.5
指令:4,14,15,0,0,0,0,0,耗能:226.5
指令:3,15,15,0,0,0,0,0,耗能:226.2
指令:3,15,15,1,0,0,0,0,耗能:226.07
指令:4,15,14,2,0,0,0,0,耗能:225.84
指令:4,14,15,2,0,0,0,0,耗能:225.84
指令:3,15,15,2,0,0,0,0,耗能:225.54
指令:5,13,15,3,0,0,0,0,耗能:225.36
指令:4,14,15,3,0,0,0,0,耗能:225.02
指令:3,15,15,3,0,0,0,0,耗能:224.72
指令:2,15,15,4,0,0,0,0,耗能:224.69
指令:4,15,13,5,0,0,0,0,耗能:224.51
指令:3,15,14,5,0,0,0,0,耗能:224.22
指令:3,15,13,6,0,0,0,0,耗能:224.2
指令:5,13,14,6,0,0,0,0,耗能:223.7
指令:4,14,14,6,0,0,0,0,耗能:223.36
指令:3,15,14,6,0,0,0,0,耗能:223.06
指令:2,15,14,7,0,0,0,0,耗能:222.91
指令:4,14,13,8,0,0,0,0,耗能:222.66
指令:3,15,13,8,0,0,0,0,耗能:222.36
指令:4,14,13,9,0,0,0,0,耗能:221.54
指令:3,15,13,9,0,0,0,0,耗能:221.24
指令:2,15,13,10,0,0,0,0,耗能:221.04
指令:4,14,12,11,0,0,0,0,耗能:220.75
指令:3,15,12,11,0,0,0,0,耗能:220.45
指令:3,15,11,12,0,0,0,0,耗能:220.45
指令:3,14,12,12,0,0,0,0,耗能:220.45
指令:2,15,12,12,0,0,0,0,耗能:220.12
指令:4,14,11,13,0,0,0,0,耗能:219.55
指令:3,15,11,13,0,0,0,0,耗能:219.25
指令:3,15,10,14,0,0,0,0,耗能:219.08
指令:2,15,11,14,0,0,0,0,耗能:218.93
指令:2,15,10,15,0,0,0,0,耗能:218.75
指令:3,15,10,15,0,0,0,0,耗能:217.93
指令:3,15,10,15,1,0,0,0,耗能:217.8
指令:3,15,10,15,2,0,0,0,耗能:217.27
指令:2,15,10,15,3,0,0,0,耗能:217.27
指令:0,15,11,15,3,0,0,0,耗能:216.96
指令:3,15,11,13,4,0,0,0,耗能:216.92
指令:3,15,10,14,4,0,0,0,耗能:216.75
指令:2,15,11,14,4,0,0,0,耗能:216.6
指令:2,15,10,15,4,0,0,0,耗能:216.42
指令:0,15,11,15,4,0,0,0,耗能:216.11
指令:3,15,10,14,5,0,0,0,耗能:215.95
指令:2,15,11,14,5,0,0,0,耗能:215.8
指令:2,15,10,15,5,0,0,0,耗能:215.62
指令:2,15,10,14,6,0,0,0,耗能:215.61
指令:3,15,10,14,6,0,0,0,耗能:214.79
指令:2,15,11,14,6,0,0,0,耗能:214.64
指令:2,15,10,15,6,0,0,0,耗能:214.46
指令:4,13,11,14,7,0,0,0,耗能:214.29
指令:3,14,11,14,7,0,0,0,耗能:214
指令:4,14,9,15,7,0,0,0,耗能:213.99
指令:3,15,9,15,7,0,0,0,耗能:213.69
指令:2,15,10,15,7,0,0,0,耗能:213.49
指令:3,14,11,14,8,0,0,0,耗能:213.13
指令:3,15,9,15,8,0,0,0,耗能:212.82
指令:2,15,10,15,8,0,0,0,耗能:212.62
指令:0,15,11,14,9,0,0,0,耗能:212.34
指令:1,15,11,14,9,0,0,0,耗能:212.21
指令:3,15,9,15,9,0,0,0,耗能:211.7
指令:2,15,10,15,9,0,0,0,耗能:211.5
指令:0,15,11,14,10,0,0,0,耗能:211.32
指令:1,15,11,14,10,0,0,0,耗能:211.19
指令:4,13,10,15,10,0,0,0,耗能:211.1
指令:3,14,10,15,10,0,0,0,耗能:210.81
指令:2,15,10,15,10,0,0,0,耗能:210.48
指令:0,15,11,14,11,0,0,0,耗能:210.35
指令:4,13,10,15,11,0,0,0,耗能:210.13
指令:3,14,10,15,11,0,0,0,耗能:209.84
指令:2,15,10,15,11,0,0,0,耗能:209.51
指令:2,15,10,14,12,0,0,0,耗能:209.51
指令:2,15,9,15,12,0,0,0,耗能:209.38
指令:4,13,10,15,12,0,0,0,耗能:208.98
指令:3,14,10,15,12,0,0,0,耗能:208.69
指令:2,15,10,15,12,0,0,0,耗能:208.36
指令:2,15,10,14,13,0,0,0,耗能:208.31
指令:2,15,9,15,13,0,0,0,耗能:208.18
指令:3,14,10,15,13,0,0,0,耗能:207.49
指令:2,15,10,15,13,0,0,0,耗能:207.16
指令:2,15,9,15,14,0,0,0,耗能:207.04
指令:0,15,10,15,14,0,0,0,耗能:206.68
指令:1,15,10,15,14,0,0,0,耗能:206.55
指令:3,14,10,14,15,0,0,0,耗能:206.35
指令:2,15,10,14,15,0,0,0,耗能:206.02
指令:2,15,9,15,15,0,0,0,耗能:205.89
指令:0,15,10,15,15,0,0,0,耗能:205.53
指令:1,15,10,15,15,0,0,0,耗能:205.4
指令:0,15,10,15,15,1,0,0,耗能:205.4
指令:1,15,10,15,15,1,0,0,耗能:205.27
指令:2,15,9,15,15,2,0,0,耗能:205.23
指令:0,15,10,15,15,2,0,0,耗能:204.87
指令:1,15,10,15,15,2,0,0,耗能:204.74
指令:2,15,10,14,15,3,0,0,耗能:204.54
指令:2,15,9,15,15,3,0,0,耗能:204.41
指令:0,15,10,15,15,3,0,0,耗能:204.05
指令:1,15,10,15,15,3,0,0,耗能:203.92
指令:3,14,9,15,15,4,0,0,耗能:203.89
指令:2,15,9,15,15,4,0,0,耗能:203.56
指令:0,15,10,15,14,5,0,0,耗能:203.55
指令:0,15,10,14,15,5,0,0,耗能:203.55
指令:1,15,10,14,15,5,0,0,耗能:203.42
指令:4,13,9,15,15,5,0,0,耗能:203.38
指令:3,14,9,15,15,5,0,0,耗能:203.09
指令:2,15,9,15,15,5,0,0,耗能:202.76
指令:2,15,9,15,14,6,0,0,耗能:202.75
指令:2,15,9,14,15,6,0,0,耗能:202.75
指令:0,15,10,14,15,6,0,0,耗能:202.39
指令:1,15,10,14,15,6,0,0,耗能:202.26
指令:3,14,9,15,15,6,0,0,耗能:201.93
指令:2,15,9,15,15,6,0,0,耗能:201.6
指令:0,15,10,14,15,7,0,0,耗能:201.42
指令:1,15,10,14,15,7,0,0,耗能:201.29
指令:3,14,9,15,15,7,0,0,耗能:200.96
指令:2,15,9,14,15,8,0,0,耗能:200.91
指令:0,15,10,14,15,8,0,0,耗能:200.55
指令:1,15,10,14,15,8,0,0,耗能:200.42
指令:1,15,9,15,15,8,0,0,耗能:200.29
指令:3,14,9,14,15,9,0,0,耗能:200.12
指令:2,15,9,14,15,9,0,0,耗能:199.79
指令:0,15,10,14,15,9,0,0,耗能:199.43
指令:0,15,9,15,15,9,0,0,耗能:199.3
指令:1,15,9,15,15,9,0,0,耗能:199.17
指令:3,14,9,14,15,10,0,0,耗能:199.1
指令:2,15,9,14,15,10,0,0,耗能:198.77
指令:2,15,8,15,15,10,0,0,耗能:198.74
指令:0,15,9,15,15,10,0,0,耗能:198.28
指令:1,15,9,15,15,10,0,0,耗能:198.15
指令:3,14,9,14,15,11,0,0,耗能:198.13
指令:3,14,8,15,15,11,0,0,耗能:198.1
指令:2,15,8,15,15,11,0,0,耗能:197.77
指令:0,15,9,15,15,11,0,0,耗能:197.31
指令:1,15,9,15,15,11,0,0,耗能:197.18
指令:1,15,9,15,14,12,0,0,耗能:197.18
指令:1,15,9,14,15,12,0,0,耗能:197.18
指令:3,14,8,15,15,12,0,0,耗能:196.95
指令:2,15,8,15,15,12,0,0,耗能:196.62
指令:0,15,9,15,15,12,0,0,耗能:196.16
指令:1,15,9,15,15,12,0,0,耗能:196.03
指令:1,15,9,15,14,13,0,0,耗能:195.98
指令:1,15,9,14,15,13,0,0,耗能:195.98
指令:3,14,8,15,15,13,0,0,耗能:195.75
指令:2,14,9,15,15,13,0,0,耗能:195.45
指令:0,15,9,15,15,13,0,0,耗能:194.96
指令:1,15,9,15,15,13,0,0,耗能:194.83
指令:1,15,8,15,15,14,0,0,耗能:194.81
指令:3,13,9,15,15,14,0,0,耗能:194.63
指令:2,14,9,15,15,14,0,0,耗能:194.31
指令:0,15,9,15,15,14,0,0,耗能:193.82
指令:0,15,9,15,14,15,0,0,耗能:193.82
指令:0,15,9,14,15,15,0,0,耗能:193.82
指令:1,15,9,14,15,15,0,0,耗能:193.69
指令:1,15,8,15,15,15,0,0,耗能:193.66
指令:3,13,9,15,15,15,0,0,耗能:193.48
指令:2,14,9,15,15,15,0,0,耗能:193.16
指令:2,14,9,15,15,15,1,0,耗能:193.03
指令:1,15,9,14,15,15,2,0,耗能:193.03
指令:1,15,8,15,15,15,2,0,耗能:193
指令:3,13,9,15,15,15,2,0,耗能:192.82
指令:2,14,9,15,15,15,2,0,耗能:192.5
指令:0,15,9,14,15,15,3,0,耗能:192.34
指令:0,15,8,15,15,15,3,0,耗能:192.31
指令:1,15,8,15,15,15,3,0,耗能:192.18
指令:3,13,9,15,15,15,3,0,耗能:192
指令:2,14,9,14,15,15,4,0,耗能:191.98
指令:0,15,9,14,15,15,4,0,耗能:191.49
指令:0,15,8,15,15,15,4,0,耗能:191.46
指令:1,15,8,15,15,15,4,0,耗能:191.33
指令:2,14,9,14,15,15,5,0,耗能:191.18
指令:2,14,8,15,15,15,5,0,耗能:191.15
指令:0,15,8,15,15,15,5,0,耗能:190.66
指令:1,15,8,15,15,15,5,0,耗能:190.53
指令:1,15,8,15,15,14,6,0,耗能:190.52
指令:1,15,8,15,14,15,6,0,耗能:190.52
指令:1,15,8,14,15,15,6,0,耗能:190.52
指令:3,13,9,14,15,15,6,0,耗能:190.34
指令:1,15,7,15,15,15,6,0,耗能:190.24
指令:2,14,8,15,15,15,6,0,耗能:189.99
指令:0,15,8,15,15,15,6,0,耗能:189.5
指令:0,15,7,15,15,15,7,0,耗能:189.4
指令:1,15,7,15,15,15,7,0,耗能:189.27
指令:2,14,8,15,15,15,7,0,耗能:189.02
指令:0,15,8,14,15,15,8,0,耗能:188.81
指令:1,15,8,14,15,15,8,0,耗能:188.68
指令:0,15,7,15,15,15,8,0,耗能:188.53
指令:1,15,7,15,15,15,8,0,耗能:188.4
指令:2,14,8,15,15,15,8,0,耗能:188.15
指令:2,14,8,15,15,15,8,1,耗能:188.02
數目:236
費時:2972.91秒

