指令:0,0,0,0,0,0,0,0,0,0,耗能:319.3
指令:1,0,0,0,0,0,0,0,0,0,耗能:319.17
指令:2,0,0,0,0,0,0,0,0,0,耗能:318.64
指令:3,0,0,0,0,0,0,0,0,0,耗能:317.82
指令:4,0,0,0,0,0,0,0,0,0,耗能:316.97
指令:5,0,0,0,0,0,0,0,0,0,耗能:316.17
指令:6,0,0,0,0,0,0,0,0,0,耗能:315.01
指令:7,0,0,0,0,0,0,0,0,0,耗能:314.04
指令:8,0,0,0,0,0,0,0,0,0,耗能:313.17
指令:9,0,0,0,0,0,0,0,0,0,耗能:312.05
指令:10,0,0,0,0,0,0,0,0,0,耗能:311.03
指令:11,0,0,0,0,0,0,0,0,0,耗能:310.06
指令:12,0,0,0,0,0,0,0,0,0,耗能:308.91
指令:13,0,0,0,0,0,0,0,0,0,耗能:307.71
指令:14,0,0,0,0,0,0,0,0,0,耗能:306.57
指令:15,0,0,0,0,0,0,0,0,0,耗能:305.42
指令:15,1,0,0,0,0,0,0,0,0,耗能:305.29
指令:15,2,0,0,0,0,0,0,0,0,耗能:304.76
指令:15,3,0,0,0,0,0,0,0,0,耗能:303.94
指令:15,4,0,0,0,0,0,0,0,0,耗能:303.09
指令:15,5,0,0,0,0,0,0,0,0,耗能:302.29
指令:14,6,0,0,0,0,0,0,0,0,耗能:302.28
指令:15,6,0,0,0,0,0,0,0,0,耗能:301.13
指令:15,7,0,0,0,0,0,0,0,0,耗能:300.16
指令:15,8,0,0,0,0,0,0,0,0,耗能:299.29
指令:14,10,0,0,0,0,0,0,0,0,耗能:298.3
指令:13,12,0,0,0,0,0,0,0,0,耗能:297.32
指令:12,13,0,0,0,0,0,0,0,0,耗能:297.32
指令:10,15,0,0,0,0,0,0,0,0,耗能:297.15
指令:11,15,0,0,0,0,0,0,0,0,耗能:296.18
指令:11,15,1,0,0,0,0,0,0,0,耗能:296.05
指令:11,15,2,0,0,0,0,0,0,0,耗能:295.52
指令:11,14,4,0,0,0,0,0,0,0,耗能:295
指令:10,15,4,0,0,0,0,0,0,0,耗能:294.82
指令:10,15,5,0,0,0,0,0,0,0,耗能:294.02
指令:10,14,6,0,0,0,0,0,0,0,耗能:294.01
指令:9,15,6,0,0,0,0,0,0,0,耗能:293.88
指令:10,14,7,0,0,0,0,0,0,0,耗能:293.04
指令:9,15,7,0,0,0,0,0,0,0,耗能:292.91
指令:9,15,8,0,0,0,0,0,0,0,耗能:292.04
指令:8,15,9,0,0,0,0,0,0,0,耗能:292.04
指令:9,14,10,0,0,0,0,0,0,0,耗能:291.05
指令:8,15,10,0,0,0,0,0,0,0,耗能:291.02
指令:7,15,11,0,0,0,0,0,0,0,耗能:290.92
指令:8,15,11,0,0,0,0,0,0,0,耗能:290.05
指令:8,14,12,0,0,0,0,0,0,0,耗能:290.05
指令:7,15,12,0,0,0,0,0,0,0,耗能:289.77
指令:7,14,13,0,0,0,0,0,0,0,耗能:289.72
指令:8,14,13,0,0,0,0,0,0,0,耗能:288.85
指令:7,15,13,0,0,0,0,0,0,0,耗能:288.57
指令:6,15,14,0,0,0,0,0,0,0,耗能:288.4
指令:7,15,14,0,0,0,0,0,0,0,耗能:287.43
指令:7,14,15,0,0,0,0,0,0,0,耗能:287.43
指令:6,15,15,0,0,0,0,0,0,0,耗能:287.25
指令:6,15,15,1,0,0,0,0,0,0,耗能:287.12
指令:7,14,15,2,0,0,0,0,0,0,耗能:286.77
指令:6,15,15,2,0,0,0,0,0,0,耗能:286.59
指令:7,14,15,3,0,0,0,0,0,0,耗能:285.95
指令:6,15,15,3,0,0,0,0,0,0,耗能:285.77
指令:6,15,15,4,0,0,0,0,0,0,耗能:284.92
指令:6,15,15,5,0,0,0,0,0,0,耗能:284.12
指令:6,15,14,6,0,0,0,0,0,0,耗能:284.11
指令:6,14,15,6,0,0,0,0,0,0,耗能:284.11
指令:6,15,14,7,0,0,0,0,0,0,耗能:283.14
指令:4,15,15,8,0,0,0,0,0,0,耗能:283.08
指令:6,15,13,9,0,0,0,0,0,0,耗能:282.29
指令:4,15,14,10,0,0,0,0,0,0,耗能:282.09
指令:6,15,12,11,0,0,0,0,0,0,耗能:281.5
指令:6,14,13,11,0,0,0,0,0,0,耗能:281.45
指令:6,13,13,12,0,0,0,0,0,0,耗能:281.44
指令:4,15,13,12,0,0,0,0,0,0,耗能:281.11
指令:6,15,11,13,0,0,0,0,0,0,耗能:280.3
指令:6,14,12,13,0,0,0,0,0,0,耗能:280.3
指令:6,15,10,14,0,0,0,0,0,0,耗能:280.13
指令:4,15,12,14,0,0,0,0,0,0,耗能:279.97
指令:5,15,12,14,0,0,0,0,0,0,耗能:279.17
指令:6,14,11,15,0,0,0,0,0,0,耗能:279.16
指令:4,15,12,15,0,0,0,0,0,0,耗能:278.82
指令:4,15,12,15,1,0,0,0,0,0,耗能:278.69
指令:5,15,12,14,2,0,0,0,0,0,耗能:278.51
指令:6,14,11,15,2,0,0,0,0,0,耗能:278.5
指令:4,15,12,15,2,0,0,0,0,0,耗能:278.16
指令:5,15,12,14,3,0,0,0,0,0,耗能:277.69
指令:6,14,11,15,3,0,0,0,0,0,耗能:277.68
指令:4,15,12,15,3,0,0,0,0,0,耗能:277.34
指令:6,14,11,15,4,0,0,0,0,0,耗能:276.83
指令:6,14,11,15,5,0,0,0,0,0,耗能:276.03
指令:6,14,12,13,6,0,0,0,0,0,耗能:276.01
指令:6,13,12,14,6,0,0,0,0,0,耗能:276.01
指令:4,15,12,14,6,0,0,0,0,0,耗能:275.68
指令:6,14,11,15,6,0,0,0,0,0,耗能:274.87
指令:4,15,12,14,7,0,0,0,0,0,耗能:274.71
指令:6,14,11,15,7,0,0,0,0,0,耗能:273.9
指令:4,15,12,14,8,0,0,0,0,0,耗能:273.84
指令:4,15,11,15,8,0,0,0,0,0,耗能:273.84
指令:5,15,11,15,8,0,0,0,0,0,耗能:273.04
指令:4,15,12,14,9,0,0,0,0,0,耗能:272.72
指令:4,15,11,15,9,0,0,0,0,0,耗能:272.72
指令:5,15,11,15,9,0,0,0,0,0,耗能:271.92
指令:4,15,12,14,10,0,0,0,0,0,耗能:271.7
指令:4,15,11,15,10,0,0,0,0,0,耗能:271.7
指令:5,15,11,15,10,0,0,0,0,0,耗能:270.9
指令:6,14,10,15,11,0,0,0,0,0,耗能:270.89
指令:4,15,11,15,11,0,0,0,0,0,耗能:270.73
指令:5,15,11,15,11,0,0,0,0,0,耗能:269.93
指令:6,14,10,15,12,0,0,0,0,0,耗能:269.74
指令:4,15,11,15,12,0,0,0,0,0,耗能:269.58
指令:4,15,12,13,13,0,0,0,0,0,耗能:269.52
指令:5,15,11,14,13,0,0,0,0,0,耗能:268.73
指令:5,15,10,15,13,0,0,0,0,0,耗能:268.55
指令:4,15,11,15,13,0,0,0,0,0,耗能:268.38
指令:4,15,12,13,14,0,0,0,0,0,耗能:268.38
指令:5,15,11,14,14,0,0,0,0,0,耗能:267.59
指令:5,15,10,15,14,0,0,0,0,0,耗能:267.41
指令:4,15,11,15,14,0,0,0,0,0,耗能:267.24
指令:4,15,12,13,15,0,0,0,0,0,耗能:267.23
指令:5,15,11,14,15,0,0,0,0,0,耗能:266.44
指令:5,15,10,15,15,0,0,0,0,0,耗能:266.26
指令:4,15,11,15,15,0,0,0,0,0,耗能:266.09
指令:4,15,11,15,15,1,0,0,0,0,耗能:265.96
指令:5,15,10,15,15,2,0,0,0,0,耗能:265.6
指令:4,15,11,15,15,2,0,0,0,0,耗能:265.43
指令:5,15,10,15,15,3,0,0,0,0,耗能:264.78
指令:4,15,11,15,15,3,0,0,0,0,耗能:264.61
指令:3,15,12,14,15,4,0,0,0,0,耗能:264.61
指令:5,15,10,15,15,4,0,0,0,0,耗能:263.93
指令:4,15,11,15,15,4,0,0,0,0,耗能:263.76
指令:5,15,11,13,15,6,0,0,0,0,耗能:263.29
指令:5,15,10,14,15,6,0,0,0,0,耗能:263.12
指令:4,15,11,14,15,6,0,0,0,0,耗能:262.95
指令:4,15,10,15,15,6,0,0,0,0,耗能:262.77
指令:3,15,11,15,15,6,0,0,0,0,耗能:262.65
指令:5,15,10,14,15,7,0,0,0,0,耗能:262.15
指令:4,15,11,14,15,7,0,0,0,0,耗能:261.98
指令:4,15,10,15,15,7,0,0,0,0,耗能:261.8
指令:3,15,11,15,15,7,0,0,0,0,耗能:261.68
指令:5,15,10,14,15,8,0,0,0,0,耗能:261.28
指令:4,15,11,14,15,8,0,0,0,0,耗能:261.11
指令:4,15,10,15,15,8,0,0,0,0,耗能:260.93
指令:3,15,11,15,15,8,0,0,0,0,耗能:260.81
指令:5,14,11,14,15,9,0,0,0,0,耗能:260.34
指令:4,15,11,14,15,9,0,0,0,0,耗能:259.99
指令:4,15,10,15,15,9,0,0,0,0,耗能:259.81
指令:3,15,11,15,15,9,0,0,0,0,耗能:259.69
指令:4,15,11,14,15,10,0,0,0,0,耗能:258.97
指令:4,15,10,15,15,10,0,0,0,0,耗能:258.79
指令:3,15,11,15,15,10,0,0,0,0,耗能:258.67
指令:5,15,9,15,15,11,0,0,0,0,耗能:258.04
指令:4,15,10,15,15,11,0,0,0,0,耗能:257.82
指令:4,15,10,15,14,12,0,0,0,0,耗能:257.82
指令:4,15,10,14,15,12,0,0,0,0,耗能:257.82
指令:3,15,11,14,15,12,0,0,0,0,耗能:257.7
指令:4,15,9,15,15,12,0,0,0,0,耗能:257.69
指令:5,14,10,15,15,12,0,0,0,0,耗能:257.02
指令:4,15,10,15,15,12,0,0,0,0,耗能:256.67
指令:4,15,10,15,14,13,0,0,0,0,耗能:256.62
指令:4,15,10,14,15,13,0,0,0,0,耗能:256.62
指令:3,15,11,14,15,13,0,0,0,0,耗能:256.5
指令:4,15,9,15,15,13,0,0,0,0,耗能:256.49
指令:5,14,10,15,15,13,0,0,0,0,耗能:255.82
指令:4,15,10,15,15,13,0,0,0,0,耗能:255.47
指令:3,15,11,14,15,14,0,0,0,0,耗能:255.36
指令:4,15,9,15,15,14,0,0,0,0,耗能:255.35
指令:5,14,10,15,15,14,0,0,0,0,耗能:254.68
指令:4,15,10,15,15,14,0,0,0,0,耗能:254.33
指令:4,15,10,15,14,15,0,0,0,0,耗能:254.33
指令:4,15,10,14,15,15,0,0,0,0,耗能:254.33
指令:4,15,9,15,15,15,0,0,0,0,耗能:254.2
指令:3,15,10,15,15,15,0,0,0,0,耗能:254.03
指令:3,15,10,15,15,15,1,0,0,0,耗能:253.9
指令:4,15,10,14,15,15,2,0,0,0,耗能:253.67
指令:4,15,9,15,15,15,2,0,0,0,耗能:253.54
指令:3,15,10,15,15,15,2,0,0,0,耗能:253.37
指令:5,14,10,14,15,15,3,0,0,0,耗能:253.2
指令:4,15,10,14,15,15,3,0,0,0,耗能:252.85
指令:4,15,9,15,15,15,3,0,0,0,耗能:252.72
指令:3,15,10,15,15,15,3,0,0,0,耗能:252.55
指令:5,14,10,14,15,15,4,0,0,0,耗能:252.35
指令:4,15,10,14,15,15,4,0,0,0,耗能:252
指令:4,15,9,15,15,15,4,0,0,0,耗能:251.87
指令:3,15,10,15,15,15,4,0,0,0,耗能:251.7
指令:5,14,9,15,15,15,5,0,0,0,耗能:251.42
指令:4,15,9,15,15,15,5,0,0,0,耗能:251.07
指令:3,15,10,15,15,15,5,0,0,0,耗能:250.9
指令:3,15,10,14,15,15,6,0,0,0,耗能:250.89
指令:5,14,9,15,15,15,6,0,0,0,耗能:250.26
指令:4,15,9,15,15,15,6,0,0,0,耗能:249.91
指令:5,14,9,15,15,15,7,0,0,0,耗能:249.29
指令:4,15,9,15,15,15,7,0,0,0,耗能:248.94
指令:3,15,9,15,15,15,8,0,0,0,耗能:248.92
指令:4,15,9,15,15,15,8,0,0,0,耗能:248.07
指令:4,15,8,15,15,15,9,0,0,0,耗能:248.07
指令:3,15,9,15,15,15,9,0,0,0,耗能:247.8
指令:5,14,9,14,15,15,10,0,0,0,耗能:247.43
指令:4,15,9,14,15,15,10,0,0,0,耗能:247.08
指令:4,15,8,15,15,15,10,0,0,0,耗能:247.05
指令:3,15,9,15,15,15,10,0,0,0,耗能:246.78
指令:4,15,9,14,15,15,11,0,0,0,耗能:246.11
指令:4,15,8,15,15,15,11,0,0,0,耗能:246.08
指令:3,15,9,15,15,15,11,0,0,0,耗能:245.81
指令:3,15,9,14,15,15,12,0,0,0,耗能:245.81
指令:4,15,7,15,15,15,12,0,0,0,耗能:245.8
指令:3,15,8,15,15,15,12,0,0,0,耗能:245.78
指令:4,15,8,15,15,15,12,0,0,0,耗能:244.93
指令:4,15,8,15,15,14,13,0,0,0,耗能:244.88
指令:4,15,8,15,14,15,13,0,0,0,耗能:244.88
指令:4,15,8,14,15,15,13,0,0,0,耗能:244.88
指令:3,15,9,14,15,15,13,0,0,0,耗能:244.61
指令:4,15,7,15,15,15,13,0,0,0,耗能:244.6
指令:3,15,8,15,15,15,13,0,0,0,耗能:244.58
指令:4,15,8,15,15,15,13,0,0,0,耗能:243.73
指令:4,15,7,15,15,15,14,0,0,0,耗能:243.46
指令:3,15,8,15,15,15,14,0,0,0,耗能:243.44
指令:3,15,8,15,15,14,15,0,0,0,耗能:243.44
指令:3,15,8,15,14,15,15,0,0,0,耗能:243.44
指令:3,15,8,14,15,15,15,0,0,0,耗能:243.44
指令:4,15,8,14,15,15,15,0,0,0,耗能:242.59
指令:4,15,7,15,15,15,15,0,0,0,耗能:242.31
指令:3,15,8,15,15,15,15,0,0,0,耗能:242.29
指令:4,15,7,15,15,15,15,1,0,0,耗能:242.18
指令:3,15,8,15,15,15,15,1,0,0,耗能:242.16
指令:4,15,8,14,15,15,15,2,0,0,耗能:241.93
指令:4,15,7,15,15,15,15,2,0,0,耗能:241.65
指令:3,15,8,15,15,15,15,2,0,0,耗能:241.63
指令:4,15,7,15,15,15,15,3,0,0,耗能:240.83
指令:3,15,8,15,15,15,15,3,0,0,耗能:240.81
指令:4,15,7,15,15,15,15,4,0,0,耗能:239.98
指令:3,15,8,15,15,15,15,4,0,0,耗能:239.96
指令:4,15,7,15,15,15,15,4,1,0,耗能:239.85
指令:3,15,8,15,15,15,15,4,1,0,耗能:239.83
指令:3,15,8,15,15,15,15,4,2,0,耗能:239.3
指令:2,15,8,15,15,15,15,4,3,0,耗能:239.3
指令:3,15,8,15,15,15,15,2,4,0,耗能:239.3
指令:5,13,8,15,15,15,15,3,4,0,耗能:239.12
指令:4,14,8,15,15,15,15,3,4,0,耗能:238.78
指令:3,15,8,15,15,15,15,3,4,0,耗能:238.48
指令:2,15,8,15,15,15,15,4,4,0,耗能:238.45
指令:3,15,8,15,15,15,15,3,5,0,耗能:237.68
指令:4,14,8,15,15,15,15,2,6,0,耗能:237.64
指令:3,15,8,15,15,15,15,2,6,0,耗能:237.34
指令:2,15,8,15,15,15,15,3,6,0,耗能:237.34
指令:4,14,8,15,15,15,14,4,6,0,耗能:237.12
指令:3,15,8,15,15,15,14,4,6,0,耗能:236.82
指令:4,15,6,15,15,15,15,4,6,0,耗能:236.66
指令:3,15,8,15,15,15,15,2,7,0,耗能:236.37
指令:2,15,8,15,15,15,15,3,7,0,耗能:236.37
指令:3,15,8,15,15,15,14,4,7,0,耗能:235.85
指令:3,15,8,15,15,15,14,3,8,0,耗能:235.83
指令:3,15,8,15,15,14,15,3,8,0,耗能:235.83
指令:3,15,8,14,15,15,15,3,8,0,耗能:235.83
指令:4,15,6,15,15,15,15,3,8,0,耗能:235.67
指令:3,15,7,15,15,15,15,3,8,0,耗能:235.55
指令:2,15,8,15,15,15,15,3,8,0,耗能:235.5
指令:3,15,8,15,15,15,13,5,8,0,耗能:235.32
指令:3,15,8,15,15,15,15,0,9,0,耗能:235.04
指令:4,14,8,15,15,15,14,3,9,0,耗能:235.01
指令:3,15,8,15,15,15,14,3,9,0,耗能:234.71
指令:3,15,8,14,15,15,15,3,9,0,耗能:234.71
指令:4,15,6,15,15,15,15,3,9,0,耗能:234.55
指令:3,15,7,15,15,15,15,3,9,0,耗能:234.43
指令:2,15,8,15,15,15,15,3,9,0,耗能:234.38
指令:3,15,8,15,15,15,13,5,9,0,耗能:234.2
指令:2,15,8,15,15,15,15,2,10,0,耗能:234.18
指令:4,14,8,14,15,15,15,3,10,0,耗能:233.99
指令:3,15,8,14,15,15,15,3,10,0,耗能:233.69
指令:3,15,7,15,15,15,15,3,10,0,耗能:233.41
指令:2,15,8,15,15,15,15,3,10,0,耗能:233.36
指令:3,15,7,15,15,15,15,2,11,0,耗能:233.26
指令:2,15,8,15,15,15,15,2,11,0,耗能:233.21
指令:4,14,8,14,15,15,15,3,11,0,耗能:233.02
指令:3,15,8,14,15,15,15,3,11,0,耗能:232.72
指令:3,15,7,15,15,15,15,3,11,0,耗能:232.44
指令:2,15,8,15,15,15,15,3,11,0,耗能:232.39
指令:3,15,8,14,15,15,15,2,12,0,耗能:232.39
指令:3,15,7,15,15,15,15,2,12,0,耗能:232.11
指令:2,15,8,15,15,15,15,2,12,0,耗能:232.06
指令:4,14,8,14,15,15,15,3,12,0,耗能:231.87
指令:3,15,8,14,15,15,15,3,12,0,耗能:231.57
指令:3,15,7,15,15,15,15,3,12,0,耗能:231.29
指令:3,15,8,14,15,15,15,2,13,0,耗能:231.19
指令:3,15,7,15,15,15,15,2,13,0,耗能:230.91
指令:2,15,8,15,15,15,15,2,13,0,耗能:230.86
指令:3,15,8,14,15,15,15,0,14,0,耗能:230.71
指令:3,15,7,15,15,15,15,0,14,0,耗能:230.43
指令:2,15,8,15,15,15,15,0,14,0,耗能:230.38
指令:3,15,7,15,15,15,15,1,14,0,耗能:230.3
指令:2,15,8,15,15,15,15,1,14,0,耗能:230.25
指令:3,15,8,14,15,15,15,2,14,0,耗能:230.05
指令:3,15,7,15,15,15,15,2,14,0,耗能:229.77
指令:2,15,8,15,15,15,15,2,14,0,耗能:229.72
指令:3,15,8,14,15,15,15,0,15,0,耗能:229.56
指令:3,15,7,15,15,15,15,0,15,0,耗能:229.28
指令:2,15,8,15,15,15,15,0,15,0,耗能:229.23
指令:3,15,7,15,15,15,15,1,15,0,耗能:229.15
指令:2,15,8,15,15,15,15,1,15,0,耗能:229.1
指令:3,15,8,14,15,15,15,2,15,0,耗能:228.9
指令:3,15,7,15,15,15,15,2,15,0,耗能:228.62
指令:2,15,8,15,15,15,15,2,15,0,耗能:228.57
指令:3,15,7,15,15,15,15,2,15,1,耗能:228.49
指令:2,15,8,15,15,15,15,2,15,1,耗能:228.44
指令:2,15,8,15,15,15,15,1,15,2,耗能:228.44
指令:3,15,7,15,15,15,15,2,15,2,耗能:227.96
指令:3,15,7,15,15,15,15,0,15,3,耗能:227.8
指令:2,15,8,15,15,15,15,0,15,3,耗能:227.75
指令:3,15,7,15,15,15,15,1,15,3,耗能:227.67
指令:3,15,7,15,15,15,14,2,15,4,耗能:227.44
指令:2,15,8,15,15,15,14,2,15,4,耗能:227.39
指令:3,15,7,15,15,15,14,0,15,5,耗能:227.3
指令:2,15,8,15,15,15,14,0,15,5,耗能:227.25
指令:3,15,7,15,15,15,14,1,15,5,耗能:227.17
指令:2,15,8,15,15,15,14,1,15,5,耗能:227.12
指令:2,15,8,15,15,15,13,1,15,6,耗能:227.1
指令:3,15,7,15,15,15,13,2,15,6,耗能:226.62
指令:3,15,7,15,15,15,13,0,15,7,耗能:226.31
指令:2,15,8,15,15,15,13,0,15,7,耗能:226.26
指令:3,15,7,15,15,15,13,1,15,7,耗能:226.18
指令:3,15,7,15,15,15,11,2,15,9,耗能:226.01
指令:3,15,7,15,15,15,11,0,15,10,耗能:225.65
指令:3,15,7,15,15,15,10,0,15,11,耗能:225.65
指令:2,15,8,15,15,15,10,0,15,11,耗能:225.6
指令:3,15,7,15,15,15,10,1,15,11,耗能:225.52
指令:2,15,9,14,15,15,9,0,15,12,耗能:225.5
指令:2,15,8,15,15,15,9,0,15,12,耗能:225.47
指令:2,15,9,14,15,15,9,1,15,12,耗能:225.37
指令:2,15,8,15,15,15,9,1,15,12,耗能:225.34
指令:2,15,9,14,15,15,8,1,15,13,耗能:225.29
指令:2,15,8,15,15,15,8,1,15,13,耗能:225.26
指令:0,15,9,15,15,15,7,2,15,13,耗能:225.14
指令:1,15,9,15,15,15,7,2,15,13,耗能:225.01
指令:0,15,9,15,15,15,7,0,15,14,耗能:224.66
指令:1,15,9,15,15,15,7,0,15,14,耗能:224.53
指令:0,15,9,15,15,15,6,0,15,15,耗能:224.48
指令:1,15,9,15,15,15,6,0,15,15,耗能:224.35
指令:1,15,9,15,15,15,6,1,15,15,耗能:224.22
數目:334
費時:362835秒

