指令:0,0,0,0,0,0,0,0,0,耗能:287.37
指令:1,0,0,0,0,0,0,0,0,耗能:287.24
指令:2,0,0,0,0,0,0,0,0,耗能:286.71
指令:3,0,0,0,0,0,0,0,0,耗能:285.89
指令:4,0,0,0,0,0,0,0,0,耗能:285.04
指令:5,0,0,0,0,0,0,0,0,耗能:284.24
指令:6,0,0,0,0,0,0,0,0,耗能:283.08
指令:7,0,0,0,0,0,0,0,0,耗能:282.11
指令:8,0,0,0,0,0,0,0,0,耗能:281.24
指令:9,0,0,0,0,0,0,0,0,耗能:280.12
指令:10,0,0,0,0,0,0,0,0,耗能:279.1
指令:11,0,0,0,0,0,0,0,0,耗能:278.13
指令:12,0,0,0,0,0,0,0,0,耗能:276.98
指令:13,0,0,0,0,0,0,0,0,耗能:275.78
指令:14,0,0,0,0,0,0,0,0,耗能:274.64
指令:15,0,0,0,0,0,0,0,0,耗能:273.49
指令:15,1,0,0,0,0,0,0,0,耗能:273.36
指令:15,2,0,0,0,0,0,0,0,耗能:272.83
指令:15,3,0,0,0,0,0,0,0,耗能:272.01
指令:15,4,0,0,0,0,0,0,0,耗能:271.16
指令:15,5,0,0,0,0,0,0,0,耗能:270.36
指令:14,6,0,0,0,0,0,0,0,耗能:270.35
指令:14,7,0,0,0,0,0,0,0,耗能:269.38
指令:14,8,0,0,0,0,0,0,0,耗能:268.51
指令:12,11,0,0,0,0,0,0,0,耗能:267.74
指令:11,12,0,0,0,0,0,0,0,耗能:267.74
指令:10,13,0,0,0,0,0,0,0,耗能:267.51
指令:11,13,0,0,0,0,0,0,0,耗能:266.54
指令:10,14,0,0,0,0,0,0,0,耗能:266.37
指令:9,15,0,0,0,0,0,0,0,耗能:266.24
指令:10,14,1,0,0,0,0,0,0,耗能:266.24
指令:9,15,1,0,0,0,0,0,0,耗能:266.11
指令:11,13,2,0,0,0,0,0,0,耗能:265.88
指令:10,14,2,0,0,0,0,0,0,耗能:265.71
指令:9,15,2,0,0,0,0,0,0,耗能:265.58
指令:10,14,3,0,0,0,0,0,0,耗能:264.89
指令:9,15,3,0,0,0,0,0,0,耗能:264.76
指令:9,15,4,0,0,0,0,0,0,耗能:263.91
指令:9,15,5,0,0,0,0,0,0,耗能:263.11
指令:9,14,6,0,0,0,0,0,0,耗能:263.1
指令:8,15,6,0,0,0,0,0,0,耗能:263.07
指令:9,14,7,0,0,0,0,0,0,耗能:262.13
指令:8,15,7,0,0,0,0,0,0,耗能:262.1
指令:7,15,8,0,0,0,0,0,0,耗能:262.1
指令:8,15,8,0,0,0,0,0,0,耗能:261.23
指令:7,15,9,0,0,0,0,0,0,耗能:260.98
指令:8,14,10,0,0,0,0,0,0,耗能:260.24
指令:7,15,10,0,0,0,0,0,0,耗能:259.96
指令:6,15,11,0,0,0,0,0,0,耗能:259.96
指令:8,13,12,0,0,0,0,0,0,耗能:259.26
指令:7,14,12,0,0,0,0,0,0,耗能:258.99
指令:6,15,12,0,0,0,0,0,0,耗能:258.81
指令:6,14,13,0,0,0,0,0,0,耗能:258.76
指令:6,15,13,0,0,0,0,0,0,耗能:257.61
指令:6,13,15,0,0,0,0,0,0,耗能:257.61
指令:4,15,15,0,0,0,0,0,0,耗能:257.28
指令:5,15,15,0,0,0,0,0,0,耗能:256.48
指令:5,15,15,1,0,0,0,0,0,耗能:256.35
指令:5,15,15,2,0,0,0,0,0,耗能:255.82
指令:4,15,15,3,0,0,0,0,0,耗能:255.8
指令:5,15,15,3,0,0,0,0,0,耗能:255
指令:4,15,15,4,0,0,0,0,0,耗能:254.95
指令:5,15,14,5,0,0,0,0,0,耗能:254.5
指令:6,14,13,6,0,0,0,0,0,耗能:254.47
指令:6,13,14,6,0,0,0,0,0,耗能:254.47
指令:4,15,14,6,0,0,0,0,0,耗能:254.14
指令:3,15,15,6,0,0,0,0,0,耗能:253.84
指令:5,15,13,7,0,0,0,0,0,耗能:253.51
指令:6,13,14,7,0,0,0,0,0,耗能:253.5
指令:4,15,14,7,0,0,0,0,0,耗能:253.17
指令:5,15,13,8,0,0,0,0,0,耗能:252.64
指令:4,15,13,9,0,0,0,0,0,耗能:252.32
指令:5,15,12,10,0,0,0,0,0,耗能:251.7
指令:5,14,13,10,0,0,0,0,0,耗能:251.65
指令:4,15,13,10,0,0,0,0,0,耗能:251.3
指令:3,15,13,11,0,0,0,0,0,耗能:251.18
指令:5,15,11,12,0,0,0,0,0,耗能:250.73
指令:6,13,12,12,0,0,0,0,0,耗能:250.71
指令:4,15,12,12,0,0,0,0,0,耗能:250.38
指令:4,15,11,13,0,0,0,0,0,耗能:250.33
指令:4,14,12,13,0,0,0,0,0,耗能:250.33
指令:3,15,12,13,0,0,0,0,0,耗能:250.03
指令:5,14,11,14,0,0,0,0,0,耗能:249.54
指令:4,15,11,14,0,0,0,0,0,耗能:249.19
指令:4,15,10,15,0,0,0,0,0,耗能:249.01
指令:3,15,11,15,0,0,0,0,0,耗能:248.89
指令:4,15,10,15,1,0,0,0,0,耗能:248.88
指令:3,15,11,15,1,0,0,0,0,耗能:248.76
指令:4,15,11,14,2,0,0,0,0,耗能:248.53
指令:4,15,10,15,2,0,0,0,0,耗能:248.35
指令:3,15,11,15,2,0,0,0,0,耗能:248.23
指令:5,14,11,14,3,0,0,0,0,耗能:248.06
指令:4,15,11,14,3,0,0,0,0,耗能:247.71
指令:4,15,10,15,3,0,0,0,0,耗能:247.53
指令:3,15,11,15,3,0,0,0,0,耗能:247.41
指令:5,14,11,14,4,0,0,0,0,耗能:247.21
指令:4,15,11,14,4,0,0,0,0,耗能:246.86
指令:4,15,10,15,4,0,0,0,0,耗能:246.68
指令:3,15,11,15,4,0,0,0,0,耗能:246.56
指令:5,14,11,14,5,0,0,0,0,耗能:246.41
指令:4,15,11,14,5,0,0,0,0,耗能:246.06
指令:4,15,10,15,5,0,0,0,0,耗能:245.88
指令:3,15,11,15,5,0,0,0,0,耗能:245.76
指令:3,15,12,13,6,0,0,0,0,耗能:245.74
指令:5,14,11,14,6,0,0,0,0,耗能:245.25
指令:4,15,11,14,6,0,0,0,0,耗能:244.9
指令:4,15,10,15,6,0,0,0,0,耗能:244.72
指令:3,15,11,15,6,0,0,0,0,耗能:244.6
指令:4,15,11,14,7,0,0,0,0,耗能:243.93
指令:4,15,10,15,7,0,0,0,0,耗能:243.75
指令:3,15,11,15,7,0,0,0,0,耗能:243.63
指令:5,14,10,15,8,0,0,0,0,耗能:243.23
指令:4,15,10,15,8,0,0,0,0,耗能:242.88
指令:3,15,11,14,9,0,0,0,0,耗能:242.79
指令:4,15,9,15,9,0,0,0,0,耗能:242.78
指令:3,15,10,15,9,0,0,0,0,耗能:242.61
指令:4,15,10,15,9,0,0,0,0,耗能:241.76
指令:4,15,9,15,10,0,0,0,0,耗能:241.76
指令:3,15,10,15,10,0,0,0,0,耗能:241.59
指令:4,15,10,15,10,0,0,0,0,耗能:240.74
指令:3,15,10,15,11,0,0,0,0,耗能:240.62
指令:2,15,11,15,11,0,0,0,0,耗能:240.47
指令:2,15,12,13,12,0,0,0,0,耗能:240.46
指令:5,14,10,14,12,0,0,0,0,耗能:240.12
指令:4,15,10,14,12,0,0,0,0,耗能:239.77
指令:3,15,11,14,12,0,0,0,0,耗能:239.65
指令:4,15,9,15,12,0,0,0,0,耗能:239.64
指令:3,15,10,15,12,0,0,0,0,耗能:239.47
指令:2,15,11,15,12,0,0,0,0,耗能:239.32
指令:4,15,10,14,13,0,0,0,0,耗能:238.57
指令:3,15,11,14,13,0,0,0,0,耗能:238.45
指令:4,15,9,15,13,0,0,0,0,耗能:238.44
指令:3,15,10,15,13,0,0,0,0,耗能:238.27
指令:2,15,11,15,13,0,0,0,0,耗能:238.12
指令:4,14,11,14,14,0,0,0,0,耗能:237.61
指令:3,15,11,14,14,0,0,0,0,耗能:237.31
指令:4,15,9,15,14,0,0,0,0,耗能:237.3
指令:3,15,10,15,14,0,0,0,0,耗能:237.13
指令:3,15,10,14,15,0,0,0,0,耗能:237.13
指令:2,15,11,14,15,0,0,0,0,耗能:236.98
指令:4,15,9,15,15,0,0,0,0,耗能:236.15
指令:3,15,10,15,15,0,0,0,0,耗能:235.98
指令:3,15,10,15,15,1,0,0,0,耗能:235.85
指令:4,15,9,15,15,2,0,0,0,耗能:235.49
指令:3,15,10,15,15,2,0,0,0,耗能:235.32
指令:4,15,9,15,15,3,0,0,0,耗能:234.67
指令:3,15,10,15,15,3,0,0,0,耗能:234.5
指令:5,13,10,15,15,4,0,0,0,耗能:234.29
指令:4,14,10,15,15,4,0,0,0,耗能:233.95
指令:3,15,10,15,15,4,0,0,0,耗能:233.65
指令:5,13,10,15,15,5,0,0,0,耗能:233.49
指令:4,14,10,15,15,5,0,0,0,耗能:233.15
指令:3,15,10,15,15,5,0,0,0,耗能:232.85
指令:3,15,10,15,14,6,0,0,0,耗能:232.84
指令:3,15,10,14,15,6,0,0,0,耗能:232.84
指令:3,15,9,15,15,6,0,0,0,耗能:232.71
指令:5,13,10,15,15,6,0,0,0,耗能:232.33
指令:4,14,10,15,15,6,0,0,0,耗能:231.99
指令:3,15,10,15,15,6,0,0,0,耗能:231.69
指令:2,15,10,15,15,7,0,0,0,耗能:231.54
指令:4,14,10,14,15,8,0,0,0,耗能:231.3
指令:3,15,10,14,15,8,0,0,0,耗能:231
指令:3,15,9,15,15,8,0,0,0,耗能:230.87
指令:2,15,10,15,15,8,0,0,0,耗能:230.67
指令:5,13,10,14,15,9,0,0,0,耗能:230.52
指令:4,14,10,14,15,9,0,0,0,耗能:230.18
指令:3,15,10,14,15,9,0,0,0,耗能:229.88
指令:3,15,9,15,15,9,0,0,0,耗能:229.75
指令:2,15,10,15,15,9,0,0,0,耗能:229.55
指令:5,13,10,14,15,10,0,0,0,耗能:229.5
指令:4,14,10,14,15,10,0,0,0,耗能:229.16
指令:3,15,10,14,15,10,0,0,0,耗能:228.86
指令:3,15,9,15,15,10,0,0,0,耗能:228.73
指令:2,15,10,15,15,10,0,0,0,耗能:228.53
指令:4,14,10,14,15,11,0,0,0,耗能:228.19
指令:3,15,10,14,15,11,0,0,0,耗能:227.89
指令:3,15,9,15,15,11,0,0,0,耗能:227.76
指令:3,15,9,15,14,12,0,0,0,耗能:227.76
指令:3,15,9,14,15,12,0,0,0,耗能:227.76
指令:2,15,10,14,15,12,0,0,0,耗能:227.56
指令:5,13,9,15,15,12,0,0,0,耗能:227.25
指令:4,14,9,15,15,12,0,0,0,耗能:226.91
指令:3,15,9,15,15,12,0,0,0,耗能:226.61
指令:3,15,9,15,14,13,0,0,0,耗能:226.56
指令:2,15,10,14,15,13,0,0,0,耗能:226.36
指令:4,14,9,15,15,13,0,0,0,耗能:225.71
指令:3,15,9,15,15,13,0,0,0,耗能:225.41
指令:2,15,10,14,15,14,0,0,0,耗能:225.22
指令:4,14,9,15,15,14,0,0,0,耗能:224.57
指令:3,15,9,15,15,14,0,0,0,耗能:224.27
指令:3,15,9,15,14,15,0,0,0,耗能:224.27
指令:3,15,9,14,15,15,0,0,0,耗能:224.27
指令:2,15,10,14,15,15,0,0,0,耗能:224.07
指令:2,15,9,15,15,15,0,0,0,耗能:223.94
指令:3,15,9,15,15,15,0,0,0,耗能:223.12
指令:3,15,9,15,15,15,1,0,0,耗能:222.99
指令:3,15,9,15,15,15,2,0,0,耗能:222.46
指令:2,15,9,15,15,15,3,0,0,耗能:222.46
指令:3,15,9,15,15,15,2,1,0,耗能:222.33
指令:3,15,9,15,15,15,1,2,0,耗能:222.33
指令:3,15,9,15,15,15,2,0,1,耗能:222.33
指令:2,15,9,15,15,15,3,0,1,耗能:222.33
指令:3,15,9,15,15,15,2,1,1,耗能:222.2
指令:3,15,9,15,15,15,1,2,1,耗能:222.2
指令:3,15,9,15,15,15,2,0,2,耗能:221.8
指令:2,15,9,15,15,15,3,0,2,耗能:221.8
指令:3,15,9,15,15,15,1,2,2,耗能:221.67
指令:3,15,9,15,15,15,0,0,3,耗能:221.64
指令:3,15,9,15,15,15,1,0,3,耗能:221.51
指令:3,15,9,14,15,15,3,0,3,耗能:221.31
指令:3,15,8,15,15,15,3,0,3,耗能:221.28
指令:3,15,8,15,15,15,2,0,4,耗能:221.25
指令:2,15,9,15,15,15,2,0,4,耗能:220.95
指令:3,15,9,14,15,15,3,0,4,耗能:220.46
指令:3,15,8,15,15,15,2,0,5,耗能:220.45
指令:2,15,9,15,15,15,2,0,5,耗能:220.15
指令:2,15,9,15,15,15,2,1,5,耗能:220.02
指令:3,15,9,14,15,15,0,0,6,耗能:219.98
指令:3,15,8,15,15,15,0,0,6,耗能:219.95
指令:2,15,9,15,15,15,0,0,6,耗能:219.65
指令:2,15,9,15,15,15,1,0,6,耗能:219.52
指令:3,15,9,14,15,15,2,0,6,耗能:219.32
指令:3,15,8,15,15,15,2,0,6,耗能:219.29
指令:2,15,9,15,15,15,2,0,6,耗能:218.99
指令:3,15,8,15,15,15,0,0,7,耗能:218.98
指令:2,15,9,15,15,15,0,0,7,耗能:218.68
指令:2,15,9,15,15,15,1,0,7,耗能:218.55
指令:3,15,8,15,15,15,2,0,7,耗能:218.32
指令:3,15,8,15,15,15,0,0,8,耗能:218.11
指令:2,15,9,15,15,15,0,0,8,耗能:217.81
指令:2,15,9,15,15,15,1,0,8,耗能:217.68
指令:0,15,10,14,15,15,0,0,9,耗能:217.48
指令:3,15,8,15,15,15,0,0,9,耗能:216.99
指令:3,15,8,15,15,15,1,0,9,耗能:216.86
指令:2,15,9,15,15,14,0,0,10,耗能:216.82
指令:2,15,9,15,14,15,0,0,10,耗能:216.82
指令:2,15,9,15,15,14,1,0,10,耗能:216.69
指令:2,15,9,15,14,15,1,0,10,耗能:216.69
指令:0,15,10,14,15,14,0,0,11,耗能:216.64
指令:3,15,8,15,15,14,0,0,11,耗能:216.15
指令:2,15,9,15,15,14,0,0,11,耗能:215.85
指令:2,15,9,15,15,13,0,0,12,耗能:215.84
指令:2,15,8,15,15,14,0,0,12,耗能:215.82
指令:2,15,9,15,15,13,1,0,12,耗能:215.71
指令:2,15,9,15,13,15,1,0,12,耗能:215.71
指令:2,15,9,15,15,13,0,1,12,耗能:215.71
指令:2,15,9,15,15,13,1,1,12,耗能:215.58
指令:0,15,10,14,15,13,0,0,13,耗能:215.43
指令:1,15,10,14,15,13,0,0,13,耗能:215.3
指令:4,13,9,15,15,13,0,0,13,耗能:215.26
指令:3,14,9,15,15,13,0,0,13,耗能:214.97
指令:2,15,9,15,15,13,0,0,13,耗能:214.64
指令:2,15,9,15,15,13,1,0,13,耗能:214.51
指令:2,15,9,15,15,12,1,1,14,耗能:214.44
指令:2,15,9,15,14,13,1,1,14,耗能:214.39
指令:0,15,10,14,15,12,0,0,15,耗能:214.34
指令:1,15,10,14,15,12,0,0,15,耗能:214.21
指令:4,13,9,15,15,12,0,0,15,耗能:214.17
指令:3,14,9,15,15,12,0,0,15,耗能:213.88
指令:2,15,9,15,15,12,0,0,15,耗能:213.55
指令:2,15,9,15,14,13,0,0,15,耗能:213.5
指令:2,15,9,15,15,12,1,0,15,耗能:213.42
指令:2,15,9,15,15,12,0,1,15,耗能:213.42
數目:263
費時:106158秒

